0-201-78345-X 3 60 20
0-201-78345-X 2 42 21
0-201-78345-X 2 44 22
0-201-78345-X 2 46 23
0-201-78345-X 2 48 24
0-201-78345-X 2 50 25
0-201-78345-X 2 52 26
0-201-78345-X 3 81 27
0-201-78345-X 2 56 28
0-201-78345-X 2 58 29
0-201-78345-X 2 40 20
0-201-78345-X 2 30 15
0-201-78345-X 2 50 25
0-201-78345-X 2 70 35
0-201-78345-X 3 120 40
0-201-78345-X 2 110 55
0-201-78345-X 2 130 65
0-201-78345-X 2 150 75
0-201-78345-X 2 170 85
0-201-78345-X 2 190 95
0-201-78345-X 2 30 15
0-201-78345-X 3 60 20
0-201-78345-X 2 250 125
0-201-78345-X 2 450 225
0-201-78345-X 2 450 225
0-201-78345-X 2 650 325
0-201-78345-X 2 850 425
0-201-78345-X 2 110 55
0-201-78345-X 3 150 50
0-201-78345-X 2 130 65
0-201-78345-X 2 150 75
0-201-78345-X 2 170 85
0-201-78345-X 2 190 95
0-201-78345-X 2 50 25
0-201-78345-X 2 50 25
